# Created by Octave 3.6.3, Mon Feb 18 05:55:06 2013 CST <rhaley@ghasthawk>
# name: antennas
# type: matrix
# rows: 3
# columns: 64
 0.4837066055154702 0.3127700957880419 -0.0282767055704734 -0.3384961578676448 -0.1765741291827882 -0.475278081583151 -0.4563879087754988 -0.04316994955767711 -0.4614603151436128 0.2446323682903622 0.3224349763956526 0.1236960361452447 -0.244451075630861 0.09304161778770159 0.3245063499480018 0.4413165076079928 -0.2548123730349447 0.4826630327174011 0.08430148119249847 -0.1680319580044061 -0.2711571874224485 -0.4201479818345752 0.01782234242571934 -0.1844547232252244 -0.02774279349911929 0.4917978834304136 -0.1324771391564004 -0.3329284840816198 -0.2561534131469084 0.4850588469216752 0.3065368332489841 -0.3165968021245627 0.3408712940113096 -0.23266257989956 0.05356916266799761 0.1835338955992966 -0.3526635502287748 0.07581045820382126 0.09945238783502253 -0.3028450893487559 0.0193220044532747 -0.3070280362580152 0.4152242577442143 0.4540717324611427 0.3719881279296565 -0.08047344971809173 0.1552704064151617 0.2211104567032113 0.03330417433239363 0.3565857497854121 0.03148303151677156 -0.1834302443714858 -0.2311137224452666 0.1026005834707834 -0.1861987400636101 -0.2460416132632453 -0.4401445263779302 0.2835389792324291 0.2204992352328359 0.2218331264146762 0.1150345286089368 0.4314460310753605 -0.1952727106998471 0.3920503444069109
 -0.1661266546641323 0.2831078072854011 0.01843177889029912 -0.1685456058657461 0.3409735953974671 0.110360928253819 -0.2410231464397766 0.2749348223756556 0.003706952081774517 0.04379448100671657 -0.1796531999954405 -0.4005789579727979 0.4103899752717303 0.3092795968173577 -0.4835839743120082 0.2821279412483196 0.2383653149756886 -0.3482909944176888 0.01739569586430467 0.184086024046655 0.4507712865843508 -0.1046381263939983 -0.4463083351508022 -0.273663597069059 0.1302501647181155 0.3455958184024457 -0.2262348261976286 0.005133314175986392 -0.01503885675651045 0.1274818388785403 0.2333189890042798 0.000648585583408523 0.08652872778539999 0.3311076905083509 -0.0326462427832282 0.3197560284949874 -0.1664072539383354 -0.4648924840920908 0.4540068757469887 0.3396632590835502 0.1961164125384088 -0.1101055747580049 -0.3617788312617522 0.4110842329260757 0.4106292812412649 0.3681771590187777 -0.3100289451171497 0.1680784017271285 0.02572296042755406 -0.03454500701865143 0.07905983467987387 0.3056603738155225 -0.3235547689812305 0.1425599661089892 -0.04004791700493554 -0.1704631987576855 0.2561548381313882 0.05515886315398288 0.3266138408052779 -0.3714421491479765 -0.07291237469477369 -0.1151173922950404 -0.02461669065005628 0.05552497096445397
 -0.1496277526930798 -0.3668578936727687 0.04996471606663777 -0.08156393986837257 -0.3831338025658396 0.01539582437663811 -0.3010667065372079 0.3127059277801099 0.01363582822456444 -0.2003756569011207 -0.3105462732407379 0.1778716656224126 -0.1110070278657838 -0.1433993388349882 -0.3936586420076882 -0.01548705900167141 -0.1585902819321188 0.09677139797392753 0.3950188570005895 -0.4378047258465094 -0.258239924914461 0.03810387717312413 0.2294438235144385 -0.04100986619765362 0.07572348094375303 0.0210586546614111 0.09481599551628628 -0.3745867072939146 -0.05509678909014609 -0.2324361735247216 -0.4916442436050191 0.2852044034564873 0.3154145003466686 -0.00983375158148253 -0.08420296396691102 -0.3681017874639351 -0.04030628867177694 0.384225702396062 0.3062124980979924 -0.3766210364341187 -0.4199785155293632 -0.08068150768965981 0.4510556183642018 -0.08377865492269893 0.4520697936357682 0.3448997280410875 0.2010612441401685 0.24280920803575 0.1108401477667821 -0.3340100828428258 -0.1747210371661775 -0.03647946242454619 0.3547601414385839 0.4140144241408393 0.3010778913837046 0.04769236411888589 0.2691644898893071 -0.0795933655488737 0.3208855567618094 0.2861013707452275 -0.1390910706343466 -0.4507461900115263 0.2990820673502923 0.3301041792584049


