# Created by Octave 3.6.2, Mon Feb 18 01:54:12 2013 CST <rhaley@lily>
# name: antennas
# type: matrix
# rows: 3
# columns: 16
 0.4246626756880305 0.06781721292157394 0.2059550440964228 0.2184289609404866 -0.4727895515076505 -0.1929492370501497 0.05645605528855757 -0.7127360779005384 0.2030491201702802 0.3014972788456847 0.4514220090744976 -0.3825957020374925 0.4375580113839588 -0.9983842050178345 -0.02163216270080348 -0.3141278405812699
 0.2669078271066427 -0.5489514307578999 0.3638114538646191 -0.184712334927342 -0.6591336565989757 -0.9761209690090381 0.3832403868925249 -0.5409203172498239 0.4585292785353039 -0.1781931177134163 0.1601261493935093 -0.4890755555121195 0.9389632751357446 -0.7407051282532925 0.2658915985628576 -0.01140054736549245
 0.05059555987937125 0.3670549624345916 0.7344777260495414 0.3533811893587686 0.2470384372944971 -0.09627815506060211 0.7129111108643149 0.2645215083775212 0.7733579827078634 -0.01183199310861716 0.6602521748985481 -0.4322435656124958 -0.8631187064796791 -0.02503509603052156 -0.3140156215490498 -0.09726998707052859


